             0.49968 0 0 0 -0.000490271   0.00301849 -0.000177159 0 0 0   -0.011 -0.02329  0.04412  -0.00286931    0.0230663 -0.000759073 -0.0562459 -0.0049024  0.0138041 0 0 0   3.80702 0.0989502  -9.03954 
                 0.6     0.14602  0.00102708 -0.00806559 -0.00332741  0.00986643 -0.00266315 0 0 0   -0.011 -0.02329  0.04412 -0.00674418   0.0329802 -0.00291945   -0.056246 -0.00490241   0.0138041  4.03221e-08 -8.68028e-08  3.96718e-08   3.80702 0.0989502  -9.03954 
             0.69984   0.190381  0.0497944 -0.0126182 -0.00878728   0.0189372  -0.0142769 0 0 0   -0.011 -0.02329  0.04412 -0.0280537  0.0630522 -0.0569073  -0.0563459 -0.00506156   0.0137333 5.77272e-06 -6.5193e-06 1.38183e-05   3.80701 0.0989563  -9.03954 
             0.79968  0.135672  0.021582 -0.051682 -0.00642493   0.0119761   -0.016657 0 0 0   -0.011 -0.02329  0.04412 -0.0111106  0.0201165 -0.0449145 -0.0562358 -0.0049702  0.0139302 -0.000710059   0.00218366 -0.000950617   3.80793 0.0968525  -9.03918 
                 0.9   0.122889  0.0757065 -0.0280709 -0.00668748   0.0143281  -0.0138017 0 0 0   -0.011 -0.02329  0.04412 -0.00923533   0.0353014  -0.0222156 -0.0562153 -0.0051721  0.0137655 -0.00154392  0.00245026 -0.00429021   3.80976 0.0966135  -9.03841 
            0.999853    0.152175 -0.00916108  -0.0885345 -0.000856993      0.01656   -0.0111756 0 0 0   -0.011 -0.02329  0.04412   0.0128797    0.028915 -0.00657314  -0.0563038 -0.00508344   0.0138244 -0.00763803  0.00380476 -0.00971391   3.81661 0.0953196  -9.03553 
             1.09969  0.0779665 -0.0205287 -0.0833866 0.00520165  0.0151265 -0.0123049 0 0 0   -0.011 -0.02329  0.04412   0.0235208   0.0327864 -0.00818266  -0.0560942 -0.00502253   0.0138133 -0.0125303   0.011393 -0.0107705   3.82099 0.0880066  -9.03376 
             1.20001   0.138304  0.0598119 -0.0788649 0.00476063  0.0168658  -0.010211 0 0 0   -0.011 -0.02329  0.04412 0.0172595 0.0244522 0.0014977  -0.0561852 -0.00511321   0.0137439 -0.00806635   0.0145186  -0.0159597   3.81914 0.0850535  -9.03457 
             1.29985   0.108191 -0.0089924 -0.0911863   0.0018448    0.018974 -0.00979319 0 0 0   -0.011 -0.02329  0.04412 -0.00117463   0.0355166   0.0025852  -0.0561995 -0.00504865   0.0137255 -0.00281969    0.015557   -0.016677   3.81511 0.0840824  -9.03628 
             1.39969    0.124283 -0.00309217   -0.119816 0.00235356  0.0221306 -0.0106652 0 0 0   -0.011 -0.02329  0.04412  0.00210163   0.0375026 0.000863368  -0.0562436 -0.00508552   0.0137531 -0.00343773   0.0159251   -0.015366   3.81516 0.0837176  -9.03626 
             1.50001   0.132825  0.0303923 -0.0711803  0.00111928   0.0201226 -0.00815559 0 0 0   -0.011 -0.02329  0.04412 -0.00338482   0.0225283  0.00908976 -0.0563377 -0.0051843  0.0136672 -0.00205401   0.0204171  -0.0176592   3.81482 0.0794212  -9.03644 
             1.59985  0.0871641  0.0812793 -0.0911111 -0.00427364   0.0174448 -0.00586748 0 0 0   -0.011 -0.02329  0.04412 -0.0163295  0.0156875  0.0147639  -0.0561561 -0.00530711   0.0136981 0.00293699  0.0256875 -0.0197952   3.81149 0.0743967  -9.03789 
             1.69969 0.0975675 -0.060838 -0.111878 -0.00100294   0.0202674 -0.00944788 0 0 0   -0.011 -0.02329  0.04412 -0.00600098   0.0171883 0.000298882  -0.0563177 -0.00488582   0.0137646 -0.00315647   0.0235181  -0.0122224   3.81385 0.0764122  -9.03688 
             1.80001    0.146899 -0.00487969   -0.119457 0.00196725  0.0186895 -0.0131068 0 0 0   -0.011 -0.02329  0.04412  0.00245672   0.0202766 -0.00888992  -0.0564748 -0.00504171   0.0137216 -0.00834941   0.0288867 -0.00583049   3.81588 0.0712008  -9.03607 
             1.89985    0.111091 -0.00289713  -0.0737476 0.00128801  0.0173077  -0.012974 0 0 0   -0.011 -0.02329  0.04412  0.00154217  0.00409672 -0.00480997  -0.0564038 -0.00506689    0.013581 -0.00664919   0.0333541  -0.0080504   3.81526 0.0669305  -9.03636 
             1.99971  0.0770424  0.0496516 -0.0936727 -0.00323032    0.016149   -0.011512 0 0 0   -0.011 -0.02329  0.04412   -0.0127999   0.00936508 -3.35662e-05 -0.0562897 -0.0052164   0.013672 0.000465812    0.036031  -0.0127238   3.81106 0.0644161  -9.03815 
             2.10003   0.089198  -0.016003 -0.0886731 -0.00399985   0.0158818  -0.0134023 0 0 0   -0.011 -0.02329  0.04412   0.122635   0.160657 -0.0572207  -0.0563259 -0.00502977   0.0136107 -0.00048135   0.0385325 -0.00940971   3.81069 0.0619976  -9.03832 
             2.19987  0.0807999  0.0814355 -0.0993872  0.0085998  0.0360421 -0.0145947 0 0 0   -0.011 -0.02329  0.04412   0.186355   0.285406 -0.0613217  -0.0562975 -0.00502078   0.0136003 -7.52641e-05    0.0439191   -0.0134849   3.81176 0.0568423  -9.03791 
             2.29971 -0.113815  0.355495 0.0134756   0.0214265   0.0488434 -0.00596642 0 0 0   -0.011 -0.02329  0.04412  0.042988 0.0446949  0.299888  -0.0583306 -0.00440278   0.0136683 0.00732788  0.0546904 -0.0271561   3.81042 0.0465877  -9.03853 
             2.40003 -0.640695  0.102015 -0.140165 0.0266007 0.0328653 0.0147189 0 0 0   -0.011 -0.02329  0.04412  0.0289712 -0.0611336   0.102317  -0.0592107 -0.00152816   0.0149495 0.00994658  0.0676086 -0.0322009   3.81007 0.0342513  -9.03873 
             2.49987 -1.26792 0.773167 0.050125  0.0269927  0.0324511 -0.0107338 0 0 0   -0.011 -0.02329  0.04412  0.0610456  -0.162185 -0.0327968  -0.0592914 -0.00468929   0.0125653 0.00822881  0.0605967 -0.0067873   3.80247 0.0405057  -9.04191 
             2.59971    -1.7503    1.10005 -0.0783833  0.0240671  0.0353975 -0.0149647 0 0 0   -0.011 -0.02329  0.04412  0.0162648   -0.12383 -0.0190782 -0.0567648 -0.0061928  0.0129931  0.00903086   0.0499575 0.000738899   3.79905 0.0504341  -9.04329 
             2.70003 -0.651216  -0.46414  0.249256  0.0250591  0.0501993 -0.0138218 0 0 0   -0.011 -0.02329  0.04412  -0.0460939   0.0664785 -0.00749734  -0.0560664 -0.00402947   0.0136687   0.00772057    0.0373312 -0.000977143    3.8005 0.0625579  -9.04261 
             2.79987 -0.56189 0.435176 0.126265    0.019169   0.0768154 -0.00476702 0 0 0   -0.011 -0.02329  0.04412 -0.0870586   0.170615    0.14158  -0.0546125 -0.00696281   0.0156517 0.00984173  0.0300461 -0.0103546   3.80196 0.0699484  -9.04194 
             2.89971  0.322072 -0.258809  0.995478  0.0257861  0.0741821 0.00885842 0 0 0   -0.011 -0.02329  0.04412 -0.000957466     0.185493    0.0950027 -0.0572596 -0.0048735   0.015383 0.00331684  0.0452494 -0.0197819   3.81104 0.0559422  -9.03821 
             3.00004  0.247475 -0.301209   1.58202  0.0308462  0.0724201 0.00587191 0 0 0   -0.011 -0.02329  0.04412 0.0537912  0.166206 0.0600941  -0.0572474 -0.00396451   0.0136666 -0.000839307    0.0629089   -0.0061815   3.81032 0.0385557  -9.03861 
             3.09988 -0.0607262  -0.240178    1.67268  0.0330944  0.0666695 0.00874255 0 0 0   -0.011 -0.02329  0.04412  0.440058  0.453209 -0.327608  -0.0590972 -0.00269285   0.0139784 -0.00600373   0.0712398   0.0102905   3.80921 0.0302158  -9.03911 
             3.19972 -0.440658 -0.468334   1.47736  0.0892057  0.0887355 -0.0468239 0 0 0   -0.011 -0.02329  0.04412  0.490945  0.313415 -0.407181  -0.0578964 -0.00249243   0.0143459 -0.0238689  0.0816593  0.0433791    3.813 0.020349 -9.03754 
             3.30004  -0.94216 0.0193157   1.82675   0.130011   0.118975 -0.0816227 0 0 0   -0.011 -0.02329  0.04412 0.496672 0.201642 -0.36253  -0.0555146 -0.00384366   0.0135689 -0.0135749  0.0816155  0.0329928   3.80816 0.0197306  -9.03958 
             3.60004  -1.04496 0.0555108   1.67768  0.220289  0.113056 -0.121326 0 0 0   -0.011 -0.02329  0.04412  0.514616  0.119728 -0.311939 -0.0557083   -0.00373  0.0133303  0.0103372  0.0931128 0.00118455    3.80062 0.00661645   -9.04277 
             3.69988 -0.0681066  -0.282465    2.25748    0.10805  0.0485978 -0.0107135 0 0 0   -0.011 -0.02329  0.04412  0.0856967 -0.0862231  0.0752997  -0.0561155 -0.00387795   0.0133134   0.036862  0.0982402 -0.0314509     3.79107 -0.00123191    -9.04678 
             3.79972 -0.671992   -0.4262   2.30641 0.0875716 0.0455404 0.0154075 0 0 0   -0.011 -0.02329  0.04412 -0.0416827  -0.311222   0.188668   -0.057352 -0.00246175    0.012922  0.0408176  0.0959911 -0.0341882     3.78845 0.000268382    -9.04788 
             3.90004 -1.77545 0.422795  1.99928  0.070564 0.0284822 0.0248891 0 0 0   -0.011 -0.02329  0.04412  -0.13726 -0.388852  0.131786 -0.0583118 -0.0030049  0.0132526  0.0405065  0.0908036 -0.0306219    3.78644 0.00476509   -9.04872 
             3.99989 -2.46563 0.842793  2.22856 0.0740579 0.0480701 0.0128843 0 0 0   -0.011 -0.02329  0.04412 -0.0864489  -0.306941  0.0594156  -0.0581153 -0.00531954   0.0117055  0.0348771  0.0772461 -0.0202887    3.7846 0.0173965  -9.04948 
             4.09973 -3.21393   0.8682  1.89058 0.0570595 0.0325844 0.0247555 0 0 0   -0.011 -0.02329  0.04412   0.214914   -0.56214 0.00507459  -0.0565977 -0.00535716   0.0123938   0.031109  0.0664854 -0.0149501   3.78353 0.0275065   -9.0499 
             4.39973 -1.86103 0.601306  2.44279    0.186337   -0.146258 -0.00937295 0 0 0   -0.011 -0.02329  0.04412   0.447738  -0.667594 -0.0767778  -0.0568883 -0.00543599   0.0127837  0.0163641  0.0449095 0.00194103   3.78466 0.0480326  -9.04934 
             4.50005  -1.29066 -0.101285   3.80744  0.118891 0.0252824 0.0193995 0 0 0   -0.011 -0.02329  0.04412   0.212624   -0.10441 -0.0121614  -0.0593886 -0.00521484   0.0113895  0.0291451 0.00648521  -0.016897   3.77131 0.0825697  -9.05466 
             4.59989  -1.08503 -0.149855    3.5668  0.123836  0.036071 0.0226423 0 0 0   -0.011 -0.02329  0.04412 0.0620706 -0.236069 0.0180762  -0.0605524 -0.00494654   0.0117788    0.0319196 -5.59226e-05    -0.017559   3.76765 0.0878704  -9.05613 
             4.69973 -2.10003 0.548618  3.76663  0.120016  0.058304 0.0118376 0 0 0   -0.011 -0.02329  0.04412  0.0872344  -0.172228 -0.0525544  -0.0615959 -0.00668744   0.0102107   0.031536 -0.0112968 -0.0145327   3.76289 0.0971067  -9.05802 
             4.80005 -2.34324 0.812042  3.47353  0.114921 0.0718375 0.0145433 0 0 0   -0.011 -0.02329  0.04412 -0.0447266   -0.12006  0.0938799  -0.0597737 -0.00680859    0.010599  0.0313093 -0.0181627 -0.0146928   3.7605 0.103031 -9.05895 
             4.89989 -2.31666 0.643863  3.74307    0.109375   0.0822515 -0.00465142 0 0 0   -0.011 -0.02329  0.04412 -0.0477084   0.108345 -0.0735317  -0.0594901 -0.00821378  0.00982863   0.0292739  -0.0231055 -0.00499806  3.75714 0.106205  -9.0603 
             4.99974  -1.57689 0.0568241   3.60199    0.10954  0.0894318 0.00786038 0 0 0   -0.011 -0.02329  0.04412 -0.0422487   0.102987  0.0204268  -0.0591338 -0.00802911   0.0123463    0.02951 -0.0187705 -0.0159529  3.76193  0.10453 -9.05834 
             5.10006 -0.345049 -0.322268   4.13883  0.121895 0.0884338 0.0167092 0 0 0   -0.011 -0.02329  0.04412   0.184549   0.122906 -0.0311317   -0.06284 -0.0066831  0.0114916  0.0274191 -0.0118609 -0.0248246  3.76878 0.101222 -9.05553 
              5.1999 -0.599871 -0.172869   4.54646  0.128724 0.0986642 0.0181074 0 0 0   -0.011 -0.02329  0.04412 -0.0084747  0.0102614    0.23848  -0.0627655 -0.00667365   0.0111826  0.0336924 -0.0108554 -0.0279172   3.76561 0.0984999  -9.05687 
             5.29974  -0.867935 0.00121962    4.42808  0.129055 0.0888066 0.0286175 0 0 0   -0.011 -0.02329  0.04412  0.0385196 -0.0556059  0.0191836  -0.0630455 -0.00648809   0.0111534   0.0372876 -0.00692271  -0.0299913   3.76518 0.0941213   -9.0571 
             5.40006 -2.03823 0.636897  4.36633  0.137876 0.0865485 0.0244065 0 0 0   -0.011 -0.02329  0.04412  0.0877842   -0.13574 -0.0173989  -0.0615543 -0.00789195   0.0102955   0.0357303 -0.00846417  -0.0279638   3.76511 0.0957632  -9.05711 
              5.4999 -2.48569 0.955252  4.10465  0.141724 0.0912705 0.0351216 0 0 0   -0.011 -0.02329  0.04412  0.023409 -0.104431  0.078928  -0.0590264 -0.00829687   0.0108533  0.0349763 -0.0101448 -0.0290411   3.76526 0.0976022  -9.05703 
             5.59974 -2.29861 0.503276  4.34719  0.144586 0.0979442 0.0206867 0 0 0   -0.011 -0.02329  0.04412 -0.00245081    0.104384  -0.0255198   -0.057541 -0.00884555   0.0109351  0.0339409 -0.0113956 -0.0247678   3.76419 0.0983941  -9.05747 
             5.70006 -1.77673 0.486943  4.15285  0.150569  0.112436 0.0277702 0 0 0   -0.011 -0.02329  0.04412 -0.0133224   0.152015   0.133418  -0.0573358 -0.00949223   0.0128897  0.0335312 -0.0104651 -0.0280531   3.76585 0.0984276  -9.05678 
              5.7999  -0.682045 -0.0921293    4.90105   0.15318  0.107119 0.0408571 0 0 0   -0.011 -0.02329  0.04412    0.107523    0.104676 -0.00811884  -0.0605645 -0.00789789   0.0124254   0.0351178 -0.00536704   -0.033068   3.76856 0.0946716  -9.05569 
             5.89974  -0.79136 -0.345871   5.51428  0.151484   0.11019 0.0442639 0 0 0   -0.011 -0.02329  0.04412 0.0577664  0.166572 0.0352415  -0.0607952 -0.00748215   0.0106047   0.0396042 -0.00235569  -0.0343141   3.76729 0.0905414  -9.05626 
             6.00008 -0.858582 -0.114973    5.1621  0.161721  0.122883 0.0613498 0 0 0   -0.011 -0.02329  0.04412   0.0306772 -0.00727815   0.0701041  -0.0624101 -0.00665134   0.0111162  0.0410912  0.0018219 -0.0370558   3.76902 0.0870879  -9.05557 
             6.09992 -2.56956 0.683049  5.22261  0.152443  0.110825 0.0493362 0 0 0   -0.011 -0.02329  0.04412 -0.0289966   -0.14318  0.0695953  -0.0614733 -0.00680103     0.01066   0.046017 0.00326394 -0.0259263   3.76337 0.0816776  -9.05797 
             6.19976 -2.69555  1.16383  5.53173  0.126054  0.117398 0.0576069 0 0 0   -0.011 -0.02329  0.04412 -0.803341 0.0838826  0.641015  -0.0612797 -0.00683899   0.0107056   0.0448059 -0.00223988  -0.0189907   3.75951 0.0852578  -9.05954 
             6.30008 -2.19552 0.661731   5.6592 0.111575 0.129142 0.061337 0 0 0   -0.011 -0.02329  0.04412 -0.608605  0.261832  0.334951  -0.0612344 -0.00685018   0.0107117  0.0207042 0.00609102 0.00915542    3.7714 0.0857463  -9.05459 
             6.39992 -2.00953 0.371848  5.57741  0.073543  0.151984 0.0920298 0 0 0   -0.011 -0.02329  0.04412 -0.516432  0.333828  0.293545   -0.058716 -0.00786682   0.0126101  0.0172989 0.00879252  0.0110745   3.77446 0.0852126  -9.05333 
             6.49976 -1.05149 0.205368  6.36805 0.0767503  0.146232 0.0980716 0 0 0   -0.011 -0.02329  0.04412 -0.30143 0.212764 0.189651  -0.0617999 -0.00784887    0.012083 0.0121028 0.0138536 0.0172133   3.77883 0.0833376  -9.05152 
             6.60008 -0.648467 0.0198431   6.59625  0.093859  0.149791 0.0912895 0 0 0   -0.011 -0.02329  0.04412    -0.16 0.223829  0.12563  -0.0631911 -0.00747279   0.0111453 0.00575236  0.0188559  0.0247324   3.78348 0.0822281  -9.04959 
             6.69992 -1.46379 0.319302  6.84202   0.11462  0.146134 0.0831551 0 0 0   -0.011 -0.02329  0.04412 -0.105392  0.100544 0.0830016  -0.0637683 -0.00693903   0.0106769 -0.000371461     0.024905    0.0332036   3.78838 0.0805555  -9.04755 
             6.79976 -1.97917 0.740614  6.40514  0.132053  0.138516 0.0671155 0 0 0   -0.011 -0.02329  0.04412  -0.0309429  0.00995685 0.000484229  -0.0643945 -0.00668831     0.01104 -0.00610915   0.0292497   0.0418297    3.7919 0.0799396  -9.04608 
             6.90008 -2.8658  1.1292 6.64576  0.146062  0.121073 0.0579711 0 0 0   -0.011 -0.02329  0.04412  -0.106638 -0.0301771   0.124543  -0.0626415 -0.00788217   0.0105177 -0.0102769  0.0317584   0.046487   3.79444 0.0802305  -9.04501 
             6.99993 -3.14222 0.744454  6.30939  0.161198  0.122186 0.0498052 0 0 0   -0.011 -0.02329  0.04412  0.0221383  0.0320813 -0.0486702  -0.0602787 -0.00690569   0.0111049 -0.0196333  0.0322316  0.0541276   3.79733 0.0844959  -9.04376 
             7.09977 -1.61975 0.863212  6.86274  0.174451  0.134967 0.0379605 0 0 0   -0.011 -0.02329  0.04412  0.0228354   0.198796 -0.0849366   -0.060382 -0.00893384   0.0112064 -0.0261937  0.0320351  0.0593022   3.79902 0.0877082  -9.04302 
             7.20009 -1.70146 0.119271  6.51446  0.193177   0.14035 0.0403847 0 0 0   -0.011 -0.02329  0.04412 0.127988 0.148524 -0.11111  -0.0604799 -0.00886833    0.011318 -0.027761 0.0408374 0.0556717   3.80658 0.0845916  -9.03987 
             7.29993  -1.70147 -0.071676    6.9522   0.18395  0.136933 0.0383424 0 0 0   -0.011 -0.02329  0.04412  0.0643729   0.175085 -0.0702823  -0.0610724 -0.00864575   0.0106541 -0.018563 0.0434675 0.0518682   3.80498 0.0778799   -9.0406 
             7.39977 -2.62786 0.564583  7.10527  0.195927  0.140298 0.0425606 0 0 0   -0.011 -0.02329  0.04412   0.133915   0.187246 -0.0623831  -0.0607732 -0.00868633   0.0100766 -0.0178916  0.0461253  0.0505417   3.80678 0.0762226  -9.03986 
             7.50009 -2.52272 0.685355  7.07294  0.194559  0.138095 0.0421577 0 0 0   -0.011 -0.02329  0.04412  0.0348374  -0.072709 -0.0402955  -0.0616539 -0.00834303    0.010904 -0.0156943  0.0460635  0.0490954   3.80607 0.0751426  -9.04017 
             7.59993 -3.63205 0.812519   6.8611  0.193746  0.134722 0.0458938 0 0 0   -0.011 -0.02329  0.04412  0.0495403  -0.120599 -0.0564741  -0.0603914 -0.00847973   0.0104352 -0.0148557  0.0454829  0.0467344   3.80583 0.0755555  -9.04027 
             7.69977 -4.09254  1.01036  6.64138  0.198221  0.128983 0.0490575 0 0 0   -0.011 -0.02329  0.04412 0.0542949 -0.235843 0.0954852  -0.0587804 -0.00881643   0.0109318 -0.0155914   0.045243  0.0452946    3.8063 0.0766375  -9.04006 
             7.80009 -4.12042 0.779105  7.07197  0.202656  0.131265 0.0318228 0 0 0   -0.011 -0.02329  0.04412 0.0353934 0.0545808 -0.114104  -0.0580902 -0.00870388   0.0104884 -0.0181714  0.0409571  0.0491109    3.8035 0.0792425  -9.04122 
             7.89993  -2.7222 0.286629  7.21958  0.21924 0.134966 0.037111 0 0 0   -0.011 -0.02329  0.04412  0.0851647  0.0580976 -0.0473221  -0.0581374 -0.00910583   0.0123744 -0.0197746  0.0456454  0.0439316   3.80857 0.0800293  -9.03907 
             7.99978   -2.14968 -0.0994521    7.67562  0.227696    0.1366 0.0467807 0 0 0   -0.011 -0.02329  0.04412   0.109405   0.132278 -0.0427834  -0.0600775 -0.00816538   0.0118441 -0.0162734  0.0486091  0.0354081   3.81098 0.0792879  -9.03807 
              8.1001  -2.52327 0.0988006   7.97148  0.231602   0.14947 0.0546617 0 0 0   -0.011 -0.02329  0.04412    0.23984   0.204868 -0.0990804  -0.0601751 -0.00796803   0.0108308 -0.0113039  0.0489716  0.0281561   3.81064 0.0780899  -9.03822 
             8.19994 -2.99446  0.42955   7.6294  0.266423  0.181297 0.0402954 0 0 0   -0.011 -0.02329  0.04412  0.475145  0.305183 -0.404469   -0.060551 -0.00806891   0.0108123 -0.00728314   0.0487253   0.0187884   3.81055 0.0783623  -9.03825 
             8.29978 -3.57821 0.951686   7.7027   0.261553   0.196053 0.00555047 0 0 0   -0.011 -0.02329  0.04412  0.319592  0.143053 -0.394876  -0.0606716 -0.00819308   0.0100059 0.00568814  0.0441994  0.0136516   3.80332 0.0723467  -9.04135 
              8.4001 -3.93362  1.06211  7.49465  0.268192  0.178392 0.0146019 0 0 0   -0.011 -0.02329  0.04412  0.180065 0.0732145 -0.196631  -0.0591985 -0.00827482    0.010405  0.0128371   0.047693 0.00499826   3.80489 0.0684691  -9.04072 
             8.49994 -3.68275 0.689449  7.41015  0.262064  0.164075 0.0240959 0 0 0   -0.011 -0.02329  0.04412  0.125587 0.0992308  -0.17198  -0.0584781 -0.00824702   0.0110508  0.0191259  0.0495083 -0.0014905   3.80523 0.0653805   -9.0406 
             8.59978 -3.05547  0.42817  7.44344   0.27067  0.166284 0.0306038 0 0 0   -0.011 -0.02329  0.04412  0.127548  0.156487 -0.113165   -0.057771 -0.00833119   0.0120062   0.0229814   0.0525801 -0.00780239   3.80736 0.0637149  -9.03972 
              8.7001  -2.55601 -0.128976   8.49797  0.258684  0.158441 0.0354516 0 0 0   -0.011 -0.02329  0.04412 0.0819549  0.146392 -0.108001  -0.0594403 -0.00735387    0.011316  0.0311549  0.0549403 -0.0132081    3.8074 0.0587242  -9.03973 
             8.79994 -2.65146 0.158674  8.78825  0.251767  0.165893 0.0402744 0 0 0   -0.011 -0.02329  0.04412 0.0895083  0.172485 -0.086637  -0.0601535 -0.00714297   0.0100839  0.0366189  0.0557353 -0.0183941  3.80705 0.056126 -9.03989 
             8.89978 -3.38789 0.376656  8.56816  0.252344  0.160717 0.0569643 0 0 0   -0.011 -0.02329  0.04412  0.0894576  0.0491609 -0.0687819  -0.0607471 -0.00652256   0.0105913   0.042831  0.0604148 -0.0262783   3.80995 0.0522709  -9.03869 
             9.00012 -4.00369 0.803094  8.26831  0.252034  0.161894 0.0553024 0 0 0   -0.011 -0.02329  0.04412  0.0778447  -0.103773 -0.0772837  -0.0606373 -0.00689842   0.0104661 0.0450777  0.057601 -0.030199    3.8076 0.0527327  -9.03968 
             9.09996 -4.24435 0.976555  8.59772  0.263002  0.155612 0.0553749 0 0 0   -0.011 -0.02329  0.04412  0.595037 -0.767798 -0.275535  -0.0593959 -0.00744765   0.0100605   0.044622  0.0566982 -0.0346326   3.80752 0.0548564   -9.0397 
              9.1998 -2.66947  1.45008   9.1782 0.308326 0.106563 0.030076 0 0 0   -0.011 -0.02329  0.04412  0.545074 -0.578875 -0.371963  -0.0593832 -0.00745058   0.0100889  0.0448812  0.0511827 -0.0406926   3.80364 0.0583068  -9.04132 
             9.30012 -3.42427 0.711668  8.61466  0.301947  0.110602 0.0453218 0 0 0   -0.011 -0.02329  0.04412  0.462949 -0.481424 -0.271287  -0.0550397 -0.00715202   0.0124494  0.0486857  0.0467729 -0.0520809   3.80053 0.0604908  -9.04261 
             9.39996  -3.27249 0.0518583   8.70654  0.328072 0.0847679 0.0373911 0 0 0   -0.011 -0.02329  0.04412  0.319419 -0.310357 -0.173582  -0.0547795 -0.00576892   0.0127336  0.0534165   0.037832 -0.0650927    3.7937 0.0635659  -9.04546 
              9.4998  -2.97782 -0.242541   9.64453  0.311175  0.112401 0.0442845 0 0 0   -0.011 -0.02329  0.04412  0.182198 -0.053694 -0.115775  -0.0557953 -0.00511445     0.01204  0.0571232  0.0274938 -0.0758249    3.7857 0.0663654  -9.04879 
             9.60012  -3.39513 0.0254594   9.67805  0.291839  0.135124 0.0510114 0 0 0   -0.011 -0.02329  0.04412  0.0861681  0.0292406 -0.0364407  -0.0562216 -0.00452707   0.0117574  0.0594963  0.0210577 -0.0809633   3.78044 0.0671462  -9.05098 
             9.69996 -3.79598 0.244113  9.23177  0.283419  0.149242 0.0594886 0 0 0   -0.011 -0.02329  0.04412   -0.012828   -0.133671 -0.00324579  -0.0570649 -0.00423368   0.0124739  0.0590162  0.0166562 -0.0855724   3.77707 0.0695722  -9.05237 
              9.7998  -4.1797 0.640142  9.42742  0.282364  0.151504 0.0592932 0 0 0   -0.011 -0.02329  0.04412    0.04027  -0.143018 -0.0420099  -0.0562803 -0.00501922   0.0117181  0.0570546  0.0134839 -0.0871486   3.77462 0.0720869  -9.05337 
             9.90012 -4.53101 0.923534  9.30481  0.268617    0.1549 0.0757006 0 0 0   -0.011 -0.02329  0.04412 -0.0824278  0.0158878 -0.0118899  -0.0547379 -0.00509967   0.0118937  0.0566472  0.0108198 -0.0924045  3.77254 0.074376 -9.05422 
             9.99997 -3.35254 0.653745   9.6436  0.269801  0.171974 0.0680116 0 0 0   -0.011 -0.02329  0.04412 -0.0726793   0.134162 -0.0461987  -0.0546867 -0.00608921   0.0122974  0.0516253 0.00993167 -0.0897097   3.77219 0.0777954  -9.05434 
             10.0998 -3.37872 0.152193  9.67002  0.271085  0.178827 0.0749135 0 0 0   -0.011 -0.02329  0.04412 -0.086105  0.165142 0.0371667  -0.0549235 -0.00555479   0.0129367  0.0519798  0.0146007 -0.0928716  3.77617 0.078215 -9.05268 
             10.2001 -2.96827 0.176591  10.2925  0.265416  0.188581 0.0887772 0 0 0   -0.011 -0.02329  0.04412 -0.0772174   0.238484   0.113742  -0.0551509 -0.00559239    0.012815 0.0544453 0.0173691 -0.095782   3.77839 0.0769344  -9.05176 
                10.3 -3.35438 0.290711  9.87935 0.271149 0.188316 0.108873 0 0 0   -0.011 -0.02329  0.04412 0.00722335   0.211121   0.135308 -0.0552949 -0.0054287  0.0128771  0.0562762  0.0231007 -0.0971281   3.78322 0.0754657  -9.04975 
             10.3998 -3.50188 0.673568  9.41591 0.281207 0.188261 0.127798 0 0 0   -0.011 -0.02329  0.04412  0.0128362 -0.0359694   0.199064  -0.0565576 -0.00536689   0.0135713  0.0558211   0.026022 -0.0958533   3.78573 0.0752734   -9.0487 
             10.5001 -4.71784  1.10044  9.95654 0.280706 0.180105 0.118889 0 0 0   -0.011 -0.02329  0.04412 -0.00748519    -0.16297   0.0727321 -0.0555646 -0.0057686  0.0122354  0.0535934  0.0246859 -0.0900707   3.78453 0.0753298  -9.04921 
                10.6 -4.95792  1.19402  9.38026 0.282511 0.175586 0.111655 0 0 0   -0.011 -0.02329  0.04412  -0.112848 -0.0909633   0.082613  -0.0545177 -0.00638168   0.0127894  0.0510979  0.0237576 -0.0866236  3.78373 0.076206 -9.04953 
             10.6998 -4.03192 0.749631  9.84354 0.283293 0.183717 0.106709 0 0 0   -0.011 -0.02329  0.04412 -0.0939061  0.0354095  0.0112012  -0.0543303 -0.00564403   0.0133682  0.0474795  0.0230119 -0.0846234   3.78312 0.0784103  -9.04977 
             10.8001 -3.55828  1.01985  9.92711  0.28727 0.190623 0.099561 0 0 0   -0.011 -0.02329  0.04412 -0.0141112   0.100801  0.0379705  -0.0543832 -0.00716132    0.014336  0.0450031   0.023894 -0.0820302    3.7839 0.0793684  -9.04944 
                10.9 -3.12492 0.542839  10.6618 0.289997 0.188318 0.103433 0 0 0   -0.011 -0.02329  0.04412 -0.0109804 -0.0208251  0.0230234 -0.0553357 -0.0060122   0.013691 0.0452763 0.0265261 -0.082441  3.78614 0.079343  -9.0485 
             10.9998 -3.39483 0.321816  10.7837 0.291684  0.17847 0.105836 0 0 0   -0.011 -0.02329  0.04412   0.036102 -0.0597941 0.00763025  -0.0555792 -0.00570001   0.0128583  0.0461824  0.0280386 -0.0820525   3.78746 0.0784646  -9.04796 
             11.1001 -3.23597 0.821108  10.4261 0.285855 0.177281 0.111186 0 0 0   -0.011 -0.02329  0.04412  0.231815   -0.1716 -0.313238  -0.0554203 -0.00629455   0.0125963  0.0465742   0.027926 -0.0815028   3.78737 0.0779257    -9.048 
                11.2 -5.43387 -1.40148  9.67414 0.328336 0.138208 0.068137 0 0 0   -0.011 -0.02329  0.04412  0.490226  -0.31785 -0.676726  -0.0555199 -0.00631064   0.0127114  0.0470238  0.0352643 -0.0760967    3.7936 0.0757479   -9.0454 
             11.2998 -3.27532 0.868268  10.0304   0.371041   0.117848 0.00694633 0 0 0   -0.011 -0.02329  0.04412  0.439131 -0.177448  -0.56267  -0.0564313 -0.00704103   0.0125375  0.0496805  0.0289682 -0.0854818   3.78844 0.0766252  -9.04756 
             11.4001 -4.85474 0.499475  9.51904   0.356597   0.125188 -0.0040399 0 0 0   -0.011 -0.02329  0.04412  0.223599 -0.222896 -0.441245 -0.0553887 -0.0055784  0.0135036  0.0537517  0.0222472 -0.0981032   3.78242 0.0772766  -9.05007 
                11.5 -5.38861  0.67845  9.53011   0.348126   0.134243 0.00478349 0 0 0   -0.011 -0.02329  0.04412   0.14275 -0.141916 -0.277879   -0.054759 -0.00664253   0.0127785 0.0552383  0.019067 -0.107324   3.77927 0.0791752  -9.05137 
             11.5998 -5.18256 0.460501  9.53161   0.31943  0.154248 0.0258074 0 0 0   -0.011 -0.02329  0.04412  0.0692763 -0.0492163  -0.219554  -0.0542422 -0.00604787   0.0125838 0.0567883 0.0152651 -0.115469   3.77536 0.0809668  -9.05299 
             11.7001    -4.1893 -0.0107566    9.73898   0.30979  0.180021 0.0384584 0 0 0   -0.011 -0.02329  0.04412   0.01377  0.110101 -0.131822  -0.0543973 -0.00625226   0.0129809 0.0567251  0.013868 -0.121877   3.77349 0.0836845  -9.05374 
                11.8   -3.85837 -0.0512128    9.71624 0.301269 0.199137  0.06531 0 0 0   -0.011 -0.02329  0.04412  0.0388921   0.103003 -0.0441257  -0.0546827 -0.00628418   0.0139398 0.0582963 0.0149646 -0.129633   3.77336 0.0856955  -9.05378 
             11.8998  -3.79239 -0.210859   10.0697  0.292082  0.202744 0.0740534 0 0 0   -0.011 -0.02329  0.04412  -0.0112582     0.19315 -0.00205232  -0.0552485 -0.00593203   0.0133325 0.0627748 0.0167515 -0.132619   3.77428 0.0832572  -9.05342 
             12.0002 -4.27065 0.371053  10.5071  0.286656  0.208399 0.0827242 0 0 0   -0.011 -0.02329  0.04412 -0.130645 0.0133767  0.236866  -0.0553244 -0.00595129   0.0129511 0.0660827 0.0188476  -0.13365    3.7758 0.0809142  -9.05281 
                12.1 -3.87448 0.359253  10.7343  0.280117  0.198343 0.0932813 0 0 0   -0.011 -0.02329  0.04412 -0.0986705  -0.093317  -0.365941  -0.0564647 -0.00544304   0.0132931 0.0686308 0.0206335 -0.133413   3.77725 0.0787214  -9.05222 
             12.1998 -4.03013  1.17527  10.0548 0.283325 0.181666  0.06487 0 0 0   -0.011 -0.02329  0.04412 -0.0452019  -0.199338   -0.39648  -0.0563771 -0.00541663   0.0132436 0.0674764 0.0237408 -0.134719   3.77978 0.0802514  -9.05115 
             12.3002 -5.3188 1.33508 9.96124 0.276369 0.180304 0.051191 0 0 0   -0.011 -0.02329  0.04412 -0.104046 -0.100777 -0.291635  -0.0538819 -0.00547117   0.0133698 0.0657718 0.0239119 -0.138867   3.77957 0.0832146  -9.05121 
                12.4 -4.81074 0.649218  10.0873  0.285714  0.191236 0.0444594 0 0 0   -0.011 -0.02329  0.04412  -0.07814 0.0956205 -0.244368 -0.0530644 -0.0056034  0.0139604 0.0635816 0.0256716 -0.141726   3.78083 0.0862273  -9.05065 
             12.4998  -3.4965 0.623125  10.8087  0.292775   0.21414 0.0539979 0 0 0   -0.011 -0.02329  0.04412 -0.0660751    0.14897 -0.0119832  -0.0542845 -0.00596056   0.0138836 0.0623495 0.0269918 -0.145888   3.78168 0.0890136  -9.05027 
             12.6002 -3.07719 0.159175  11.0627   0.30584  0.210612 0.0811587 0 0 0   -0.011 -0.02329  0.04412  0.0234874   0.159981 -0.0114485  -0.0553539 -0.00504846   0.0139904 0.0644512 0.0316827 -0.150573    3.7856 0.0896856  -9.04863 
                12.7 -3.56715 0.189501  11.3062  0.305774  0.210949 0.0958388 0 0 0   -0.011 -0.02329  0.04412 0.0454531  0.167844  0.023813   -0.055249 -0.00476663   0.0129767 0.0678688 0.0342218 -0.152965   3.78801 0.0880569  -9.04764 
             12.7998 -4.25888  0.71101  11.3087 0.305179  0.20155 0.108804 0 0 0   -0.011 -0.02329  0.04412 -0.0204177 -0.0621126  0.0696892 -0.0557554  -0.004776  0.0130047 0.0708265 0.0363307 -0.153145   3.79011 0.0858973  -9.04678 
             12.9002 -4.50556 0.670032  10.7918 0.309536 0.189943 0.113104 0 0 0   -0.011 -0.02329  0.04412 0.00711631  -0.152688  0.0688596  -0.0560436 -0.00463659   0.0131665   0.07004 0.0374702 -0.152065   3.79097 0.0863547  -9.04641 
                  13 -5.10127  0.93073  10.9567 0.311328 0.187311 0.110495 0 0 0   -0.011 -0.02329  0.04412  -0.205813 -0.0334246   0.225748  -0.0547345 -0.00518127    0.012716  0.067196 0.0350441 -0.150362   3.78858 0.0877584   -9.0474 
             13.0998 -4.92982  1.05402  10.7286 0.314394 0.169927 0.119369 0 0 0   -0.011 -0.02329  0.04412  0.127692 -0.274919   0.08147  -0.0545524 -0.00508011     0.01288 0.0636288 0.0340901 -0.148879    3.7873 0.0900233  -9.04791 
             13.1997 -3.81701 0.963232  10.9601  0.31313 0.186634 0.121483 0 0 0   -0.011 -0.02329  0.04412  0.125642 -0.220164 0.0864238  -0.0544447 -0.00534992   0.0130365 0.0593981 0.0302517  -0.15154   3.78327 0.0936656  -9.04956 
                13.3 -3.74619 0.972731   10.948 0.344588 0.151928 0.149126 0 0 0   -0.011 -0.02329  0.04412  0.236941 -0.161956  0.115238  -0.0544751 -0.00536533   0.0130481 0.0581155 0.0289357 -0.152741   3.7819 0.094881 -9.05012 
             13.3998 -3.72322 0.361543  11.4925 0.352972 0.175303 0.119653 0 0 0   -0.011 -0.02329  0.04412    0.189055   0.0305184 -0.00290837  -0.0543703 -0.00511985   0.0129645 0.0556263 0.0254932 -0.149586   3.77882 0.0951265   -9.0514 
             13.4997 -4.59006 0.236842   11.431 0.352138 0.188385 0.120835 0 0 0   -0.011 -0.02329  0.04412    0.13475 -0.0989954  0.0749529  -0.0546943 -0.00427541   0.0130899 0.0555847 0.0239508  -0.14977   3.77752 0.0949279  -9.05195 
                13.6 -4.93434 0.606775  11.1378 0.348221 0.185636 0.119961 0 0 0   -0.011 -0.02329  0.04412 0.0462901 -0.183368 0.0465545  -0.0554091 -0.00431779   0.0130907 0.0552707 0.0222818 -0.149624   3.77609 0.0947629  -9.05255 
             13.6998 -5.25147 0.748245    11.36 0.349823 0.188802 0.106848 0 0 0   -0.011 -0.02329  0.04412  -0.210253 -0.0257917   0.183529  -0.0547765 -0.00495596   0.0124956   0.05278 0.0193113 -0.148128    3.7733 0.0955052   -9.0537 
             13.7997 -5.68598  1.09997  10.8236 0.340235 0.200007 0.114654 0 0 0   -0.011 -0.02329  0.04412 -0.0906388  0.0444142  0.0328269  -0.0540178 -0.00530761   0.0127593 0.0501121 0.0170753 -0.148732   3.77088 0.0972646  -9.05469 
                13.9 -4.44122 0.693924  11.5011 0.325411 0.219174 0.123762 0 0 0   -0.011 -0.02329  0.04412 -0.112503   0.17057 0.0195868  -0.0535682 -0.00575995   0.0129571 0.0493141 0.0159383 -0.150462   3.76958 0.0982327  -9.05522 
             13.9999 -3.99563 0.456056  11.7125 0.322724 0.222236 0.125463 0 0 0   -0.011 -0.02329  0.04412 -0.174973  0.147332  0.129132 -0.0544245 -0.0056047  0.0133242 0.0498413 0.0178612  -0.14893   3.77144 0.0977565  -9.05445 
             14.0997 -3.30523 0.110804  12.0945 0.326461 0.222157 0.126626 0 0 0   -0.011 -0.02329  0.04412 -0.0846609    0.18305  0.0361889  -0.0557536 -0.00507219   0.0128554  0.050279 0.0223115 -0.146516   3.77543 0.0977207  -9.05279 
             14.3997 -3.46907 0.285248  12.3204  0.388867   0.60729 -0.131582 0 0 0   -0.011 -0.02329  0.04412 0.398482  1.92376 -1.34475  -0.0557238 -0.00498819   0.0121382 0.0520068 0.0251574 -0.144363   3.77838 0.0963712  -9.05158 
                14.5 -5.37135 0.535488   10.864    0.438538    0.483196 -0.00138908 0 0 0   -0.011 -0.02329  0.04412 0.351993 0.906874 -0.53975  -0.0549837 -0.00446726    0.012548 0.0671871 0.0400967 -0.154896   3.79248 0.0921911  -9.04572 
             14.5999  -3.96859 0.0881937   11.5167  0.415759  0.375981 0.0410826 0 0 0   -0.011 -0.02329  0.04412  0.172144  0.451963 -0.279587  -0.0529585 -0.00505335    0.014045 0.0731451 0.0439041 -0.155734   3.79533 0.0900908  -9.04455 
             14.6997 -4.90375 0.215005  11.6816  0.395941  0.306717 0.0757188 0 0 0   -0.011 -0.02329  0.04412  0.0714613   0.168134 -0.0553328  -0.0502178 -0.00557685   0.0154009 0.0766899 0.0473512 -0.156836   3.79705 0.0895837  -9.04383 
                14.8   -4.00871 -0.0318628    11.9142  0.386542  0.273192 0.0936365 0 0 0   -0.011 -0.02329  0.04412  0.0712544   0.114892 -0.0397911  -0.051187 -0.0052027   0.015594 0.0802136  0.050156  -0.15812   3.79893 0.0884401  -9.04305 
             14.8999 -4.18946 0.183623  12.2475 0.380903 0.265415 0.108127 0 0 0   -0.011 -0.02329  0.04412  0.0780157    0.11734 0.00456937  -0.0511851 -0.00514583   0.0146606 0.0832247 0.0520109 -0.159478   3.80041 0.0872807  -9.04244 
             14.9997 -4.50271 0.343176  12.1155 0.378795 0.252945 0.126191 0 0 0   -0.011 -0.02329  0.04412  0.0581843 -0.0816735   0.144889 -0.0522371 -0.0045549  0.0150311  0.086087 0.0541515 -0.160822   3.80233 0.0861069  -9.04165 
                15.1 -5.40985 0.581656  11.9409 0.364778  0.22331 0.154015 0 0 0   -0.011 -0.02329  0.04412  -0.12833 -0.363759  0.217776  -0.0519252 -0.00467936   0.0150627 0.0872069 0.0537284 -0.161949   3.80204 0.0855774  -9.04177 
             15.1999 -5.39576  1.21163  12.1564 0.366384 0.237931 0.146102 0 0 0   -0.011 -0.02329  0.04412 -0.0983331  -0.297242    0.17221  -0.0516957 -0.00474346   0.0151179 0.0792482 0.0486565 -0.159578   3.79656 0.0894437  -9.04404 
             15.2997 -5.68858 0.955235  11.8227 0.365332 0.226049 0.169209 0 0 0   -0.011 -0.02329  0.04412 -0.0671168  -0.127695   0.151177  -0.0505096 -0.00429725    0.015818 0.0727072 0.0459826 -0.159051   3.79299 0.0934912   -9.0455 
                15.4 -4.31158 0.800619  12.4184 0.379133 0.247793 0.154458 0 0 0   -0.011 -0.02329  0.04412 0.00154041  0.0482634  0.0657031  -0.0500352 -0.00589896   0.0166736  0.067531 0.0446375 -0.155744   3.79113 0.0958198  -9.04625 
             15.4999 -3.68588 0.147431  12.8917 0.384577 0.242495 0.147572 0 0 0   -0.011 -0.02329  0.04412  0.026848 0.0142709  0.131932  -0.0513671 -0.00521023   0.0168179 0.0674134 0.0453096 -0.153976   3.79187 0.0955735  -9.04594 
             15.5997 -3.18237 -0.32214  13.6361 0.393946 0.250508 0.140794 0 0 0   -0.011 -0.02329  0.04412    0.0703667    0.0756721 -0.000509931 -0.0521788 -0.0041218  0.0157198 0.0667638 0.0444357 -0.152649   3.79119 0.0953302  -9.04623 
                15.7  -3.99983 -0.082505   13.3138 0.401788 0.250696 0.148793 0 0 0   -0.011 -0.02329  0.04412   0.0186566 -0.00414106     0.04761  -0.0517464 -0.00421566   0.0156661 0.0676693 0.0452455 -0.152767  3.79212 0.094967 -9.04585 
             15.7999 -4.80138 0.443418   12.633 0.393596 0.249185 0.143493 0 0 0   -0.011 -0.02329  0.04412 -0.0029987  -0.103948  0.0715728  -0.0517895 -0.00427813   0.0161168 0.0678546 0.0424838 -0.151243   3.79024 0.0934342  -9.04665 
             15.8997 -4.67833  0.48463  13.0564 0.394044 0.250821 0.143403 0 0 0   -0.011 -0.02329  0.04412 0.0535326 -0.101956 0.0383746  -0.051679 -0.0043906  0.0152902 0.0657638 0.0405205 -0.151094     3.788 0.0942474  -9.04758 
                  16 -4.60768 0.863086  12.7433  0.38906 0.258789 0.153736 0 0 0   -0.011 -0.02329  0.04412  -0.018643 -0.0114398  0.0448062 -0.0511676 -0.0044968  0.0153902 0.0625943 0.0383966 -0.151878   3.78516 0.0959984  -9.04875 
             16.0999 -4.32442 0.752964  12.3993 0.385897 0.271909 0.154763 0 0 0   -0.011 -0.02329  0.04412 -0.0528182   0.135058  0.0344698  -0.0508808 -0.00544526   0.0158572 0.0617202 0.0392275 -0.149873  3.78564 0.096586 -9.04854 
             16.1997 -3.61501 0.387137  12.6729 0.385206 0.272738 0.157906 0 0 0   -0.011 -0.02329  0.04412  0.0375634   0.153856 -0.0705354  -0.0510786 -0.00535419   0.0158445 0.0631972 0.0425029 -0.147456   3.78883 0.0962193  -9.04721 
                16.3 -3.65854 0.261561  12.7167 0.394291 0.291084 0.142272 0 0 0   -0.011 -0.02329  0.04412  0.0551846   0.271357 -0.0740672  -0.0515997 -0.00543328    0.015561 0.0632793 0.0436453 -0.145087   3.78991 0.0960272  -9.04676 
             16.3999 -5.58835 0.461106  12.1821 0.417291 0.289574  0.14938 0 0 0   -0.011 -0.02329  0.04412  0.135985  0.163828 0.0120829  -0.0514781 -0.00446922   0.0155364 0.0641392  0.047225 -0.144103  3.79297 0.096443 -9.04547 
             16.4997 -5.36412 0.973905  12.1687 0.422982 0.286356 0.146809 0 0 0   -0.011 -0.02329  0.04412  0.0493833 -0.0715509 0.00512718  -0.0519566 -0.00518496   0.0154877 0.0644904 0.0471626 -0.143324    3.7931 0.0959284  -9.04542 
                16.6 -6.68811  1.48374   11.925 0.423097 0.279915 0.140484 0 0 0   -0.011 -0.02329  0.04412  0.0758815  -0.148918 -0.0240993   -0.050614 -0.00609431   0.0147217 0.0640777 0.0457545 -0.142935   3.79198 0.0956053   -9.0459 
             16.6999 -6.55218  1.20501  11.1431    0.434 0.286014 0.151852 0 0 0   -0.011 -0.02329  0.04412 -0.000342296   -0.0594665    0.0193795  -0.0498944 -0.00599874   0.0158239 0.0607703 0.0462747 -0.144236   3.79126 0.0986379  -9.04617 
             16.7997 -5.49528 0.308845  11.7546 0.432509 0.297762 0.156938 0 0 0   -0.011 -0.02329  0.04412 -0.0364748  0.0760327  0.0168465  -0.0493656 -0.00578694   0.0167098  0.058888 0.0452605  -0.14558  3.78975 0.100171 -9.04678 
                16.9 -5.16562 0.247067  12.2518 0.437168 0.303145 0.150633 0 0 0   -0.011 -0.02329  0.04412  -0.0582965   0.0792166 -0.00309435 -0.0492049 -0.0060914  0.0169743 0.0587882 0.0466324 -0.143456    3.7912 0.0997505  -9.04618 
             16.9999   -4.01632 -0.0279273    13.1617 0.434076 0.302046 0.151044 0 0 0   -0.011 -0.02329  0.04412 -0.00803346   0.0509155  -0.0271711   -0.051021 -0.00532189   0.0162647 0.0598478 0.0469956 -0.143626    3.7917 0.0992144  -9.04598 
             17.0997  -4.32451 0.0986775   13.6439 0.428301 0.295852 0.159142 0 0 0   -0.011 -0.02329  0.04412   0.087668 -0.0260431 -0.0225237 -0.0509437 -0.0054226  0.0155014  0.062129 0.0476073 -0.144344   3.79259 0.0981488  -9.04561 
             17.2001 -4.48751 0.167334  13.2905 0.462629 0.274857 0.144048 0 0 0   -0.011 -0.02329  0.04412   0.355887 -0.0861525  -0.196864  -0.0509616 -0.00541927    0.015376 0.0643666 0.0484299 -0.144222    3.7939 0.0968119  -9.04508 
             17.2999 -4.5434 0.13435  12.996 0.483468 0.274667  0.12555 0 0 0   -0.011 -0.02329  0.04412  0.336011  0.023035 -0.213519  -0.0502911 -0.00481266    0.015944 0.0655808  0.046572 -0.145246   3.79274 0.0955373  -9.04558 
             17.3997 -4.72853 0.479359  12.8154  0.48221 0.274491  0.13672 0 0 0   -0.011 -0.02329  0.04412   0.170996 -0.0197989 -0.0449436  -0.0509837 -0.00471303   0.0162545 0.0679415 0.0443907 -0.148983   3.79143 0.0939859  -9.04614 
             17.5001 -5.11363 0.467964  12.8389 0.476144 0.280192 0.133018 0 0 0   -0.011 -0.02329  0.04412   0.138988  -0.127662 -0.0575411  -0.0509138 -0.00530436   0.0165279 0.0684524 0.0406791 -0.151018   3.78863 0.0925619  -9.04733 
             17.5999  -5.39079 0.0319291   13.2875 0.471399 0.279303 0.130212 0 0 0   -0.011 -0.02329  0.04412  0.118594 -0.165901 0.0847906  -0.0508909 -0.00504097   0.0159812 0.0681645 0.0376604 -0.152314   3.78617 0.0917583  -9.04837 
             17.6997  -6.31829 -0.285762   12.7285 0.463127 0.285671 0.143861 0 0 0   -0.011 -0.02329  0.04412  0.0386653  0.0262968 -0.0120567  -0.0496069 -0.00474819   0.0163081  0.067753 0.0347895 -0.156038   3.78342 0.0916496  -9.04952 
             17.8001  -5.58929 -0.130547   12.9821 0.453404 0.302428 0.147046 0 0 0   -0.011 -0.02329  0.04412  0.0199973   0.142465 -0.0155288   -0.049136 -0.00507085   0.0164823  0.067711 0.0321478 -0.157767   3.78124 0.0908917  -9.05044 
             17.8999  -5.05352 -0.167023    13.383 0.440727 0.309199 0.153728 0 0 0   -0.011 -0.02329  0.04412  0.0378449   0.239037 -0.0191252  -0.0505533 -0.00467862   0.0165907 0.0690139 0.0297481 -0.159234   3.77974 0.0891834  -9.05108 
             17.9998  -4.52233 0.0357235   13.8152 0.424664 0.309553 0.176316 0 0 0   -0.011 -0.02329  0.04412  0.00671194 -0.00179418   0.0396345 -0.0516266 -0.0043397  0.0160762 0.0743035 0.0300017 -0.163708   3.78088 0.0864634  -9.05063 
             18.1001 -5.05371 0.367844  13.7117 0.438845 0.318351  0.17366 0 0 0   -0.011 -0.02329  0.04412  0.0623161 -0.0354983  0.0518698  -0.0509927 -0.00489854   0.0156474 0.0706578 0.0302112  -0.16268  3.77989 0.088993 -9.05102 
             18.1999 -4.99884 0.356407  13.3966 0.450923 0.317758 0.172138 0 0 0   -0.011 -0.02329  0.04412   0.0812686    0.071314 -0.00377421  -0.0508868 -0.00481567   0.0156578 0.0700524 0.0301001 -0.162103    3.7797 0.0892624   -9.0511 
             18.2998  -5.07434 0.0546891   13.1321 0.460846 0.321392 0.160592 0 0 0   -0.011 -0.02329  0.04412   0.090324   0.144397 -0.0546998  -0.0502941 -0.00439208   0.0161746 0.0706037 0.0304929 -0.159973   3.78062 0.0886041  -9.05072 
             18.4001  -4.40042 -0.130855   13.2038 0.456287 0.327529 0.168102 0 0 0   -0.011 -0.02329  0.04412  0.0995007   0.126246 -0.0520437  -0.0519559 -0.00377248   0.0162834 0.0718037 0.0294487 -0.161357   3.78011 0.0875249  -9.05095 
             18.4999 -5.13113 0.149468  13.2075  0.46131 0.336423 0.160816 0 0 0   -0.011 -0.02329  0.04412   0.0629425   -0.188639 0.000641944  -0.0518009 -0.00389744   0.0158182 0.0724282 0.0292022 -0.160905   3.78025 0.0868597  -9.05089 
             18.5998 -6.30401 0.675762  12.6203 0.451179  0.31362 0.164443 0 0 0   -0.011 -0.02329  0.04412 -0.0377322  -0.257266   0.073547  -0.0527827 -0.00330323   0.0151547 0.0733466 0.0287099 -0.160015    3.7804 0.0857721  -9.05084 
             18.7001 -6.87376 0.518495   11.902 0.455242  0.31244  0.17999 0 0 0   -0.011 -0.02329  0.04412 0.00849959  -0.185494  0.0762824  -0.0508244 -0.00422923   0.0149344 0.0714662 0.0290147 -0.162344  3.77951 0.087846 -9.05119 
             18.7999 -5.84796 0.649832  11.4887 0.460005 0.320189 0.178475 0 0 0   -0.011 -0.02329  0.04412 0.0518279 -0.116949 0.0546183  -0.0508415 -0.00408532   0.0150521 0.0669469 0.0264541 -0.161912  3.77632 0.089936  -9.0525 
             18.8998 -4.92642 0.757074  10.9321 0.452619  0.32345 0.187979 0 0 0   -0.011 -0.02329  0.04412 -0.106194 0.0619588 0.0714016  -0.0507435 -0.00390648   0.0156535 0.0655863   0.02513 -0.161558   3.77507 0.0903114  -9.05302 
             19.0001 -4.13118 0.688172  10.9512  0.44957 0.336876 0.182408 0 0 0   -0.011 -0.02329  0.04412 -0.0614834    0.21933 0.00600607 -0.0507858 -0.0042234  0.0167093 0.0647433 0.0255805 -0.159075   3.77574 0.0901956  -9.05274 
             19.0999 -3.84582 0.905534  11.5318 0.449694  0.33147 0.192526 0 0 0   -0.011 -0.02329  0.04412 -0.643694  -0.74287  0.919945   -0.051738 -0.00454108   0.0164688 0.0647122 0.0289606 -0.156046   3.77877 0.0898992  -9.05148 
             19.1998 -0.528965 -0.191394   13.7323 0.399931 0.263974 0.252094 0 0 0   -0.011 -0.02329  0.04412  -0.59723 -0.960922   0.85863   -0.051593 -0.00447111   0.0165008 0.0617273  0.027467 -0.150988   3.77793 0.0900371  -9.05183 
             19.3001 -3.74314 0.808565  12.4314 0.373342 0.233909 0.305152 0 0 0   -0.011 -0.02329  0.04412 -0.348634  -0.78011  0.784073  -0.0504167 -0.00486603   0.0170119 0.0516679 0.0243105 -0.146601    3.7747 0.0958303  -9.05312 
             19.3999 -4.23991 0.252671  11.4476 0.389855 0.240507 0.294412 0 0 0   -0.011 -0.02329  0.04412 -0.273626  -0.35849  0.470665  -0.0494613 -0.00405288   0.0179849 0.0438807 0.0243682  -0.13956  3.77336 0.100609 -9.05362 
             19.4998    -3.81443 0.000518493     11.6387 0.405443 0.273458 0.263953 0 0 0   -0.011 -0.02329  0.04412 -0.122013 -0.107767  0.245817  -0.0492904 -0.00450656   0.0186022 0.0388767 0.0240651 -0.134764  3.77172  0.10414 -9.05427 
             19.6001 -3.64494 0.246367   12.071 0.430997 0.294426 0.237945 0 0 0   -0.011 -0.02329  0.04412 -0.0161785 -0.0987818   0.108422  -0.0501991 -0.00461604   0.0183763 0.0345437 0.0242446 -0.130505  3.77061 0.107405 -9.05469 
             19.6999  -3.62325 -0.193607   12.1028  0.44771 0.304013 0.210464 0 0 0   -0.011 -0.02329  0.04412 0.0611631 -0.119206  0.025692  -0.0505356 -0.00408885   0.0180153 0.0311331 0.0233426  -0.12691  3.76907 0.109786  -9.0553 
             19.7998 -3.72319 0.159142  12.0097 0.461168 0.310039 0.191368 0 0 0   -0.011 -0.02329  0.04412 -0.0340735 -0.0300417  0.0837529  -0.0499336 -0.00421011   0.0178252 0.0282178 0.0224655 -0.123731  3.76778 0.111731 -9.05582 
             19.9001 -3.68304 -0.18581  11.9069 0.459087 0.318735 0.183755 0 0 0   -0.011 -0.02329  0.04412  -0.0330589    0.105766 -0.00887036  -0.0495642 -0.00422873   0.0176468 0.0274527 0.0211869 -0.122618  3.76669 0.112069 -9.05627 
             19.9999   -3.31173 -0.0584847     11.633 0.460037 0.336164 0.175948 0 0 0   -0.011 -0.02329  0.04412 -0.0658829    0.11292   0.102226  -0.0495403 -0.00465695   0.0182147 0.0268214 0.0210623 -0.121745  3.76649 0.112466 -9.05634 
             20.0998 -3.24106  -0.2982  11.6293 0.461754 0.337367 0.181937 0 0 0   -0.011 -0.02329  0.04412  0.348208  0.197491 -0.345339  -0.0502291 -0.00410204   0.0184938 0.0279034 0.0232155 -0.121697   3.7682 0.111808 -9.05564 
             20.2001  -3.10706 -0.539298   11.8101 0.505998 0.342076 0.130829 0 0 0   -0.011 -0.02329  0.04412   0.407344 -0.0520169  -0.416194  -0.0501902 -0.00413321   0.0183524 0.0293866 0.0239225 -0.120866  3.76885 0.110577 -9.05539 
             20.2999  -4.74483 -0.273473   10.1819 0.519805 0.313706 0.122648 0 0 0   -0.011 -0.02329  0.04412  0.311641 -0.214409 -0.392896  -0.0503696 -0.00408086   0.0182059 0.0326851 0.0234369 -0.125508  3.76873 0.108287 -9.05546 
             20.3998  -5.68171 0.0793446    9.0526 0.538707 0.296165 0.120718 0 0 0   -0.011 -0.02329  0.04412  0.341611 -0.213936 -0.351355 -0.0485544 -0.0048688  0.0181727 0.0336781 0.0227096 -0.130316  3.76808  0.10801 -9.05574 
             20.5001  -5.6541 0.632636  8.54121 0.538265   0.2925 0.123737 0 0 0   -0.011 -0.02329  0.04412   0.104301 -0.0839689 -0.0962324  -0.0477993 -0.00514615   0.0183667 0.0350892 0.0206316 -0.135092  3.76614 0.107875 -9.05655 
             20.5999  -6.28264 -0.432854   7.81795 0.518221 0.292813 0.147239 0 0 0   -0.011 -0.02329  0.04412 -0.0075614   -0.12604 -0.0510087  -0.0483796 -0.00400939   0.0188921 0.0368883 0.0200126 -0.139496  3.76471 0.108141 -9.05714 
             20.6998 -5.34183 0.566438  7.82226 0.496646 0.271135 0.155026 0 0 0   -0.011 -0.02329  0.04412 -0.0790507  -0.165253 -0.0680307  -0.0487364 -0.00509302   0.0193122 0.0382391 0.0199886 -0.141736  3.76393  0.10827 -9.05746 
             20.8001  -4.55316 0.0800493   8.08071 0.476006  0.25728 0.177037 0 0 0   -0.011 -0.02329  0.04412 -0.0583964 -0.0937188 -0.0169445  -0.0473746 -0.00609789   0.0185363 0.0397156 0.0212407 -0.145809  3.76346 0.109284 -9.05764 
             20.8999  -3.48482 -0.976652   7.39393 0.452362 0.256422 0.174043 0 0 0   -0.011 -0.02329  0.04412  -0.0166442  -0.0648608 -0.00524738  -0.0481145 -0.00553759   0.0170789 0.0421676 0.0199949   -0.1462  3.76176 0.110049 -9.05834 
             20.9998 -2.65986  -1.2164  6.43794 0.441677 0.244775 0.177713 0 0 0   -0.011 -0.02329  0.04412   0.108904 -0.0979201  0.0453295  -0.0484984 -0.00462223   0.0169716 0.0433257 0.0215965 -0.146695  3.76109 0.109359 -9.05863 
             21.1001 -2.81787 -1.30529  4.76865 0.435284 0.230718 0.185202 0 0 0   -0.011 -0.02329  0.04412  -0.0522923   0.0692729 -0.00530547  -0.0487227 -0.00427727   0.0179226 0.0433664 0.0239008 -0.147647  3.76074 0.108168 -9.05879 
                21.2  -2.51584 -0.371437    3.9319 0.422955 0.218559 0.185273 0 0 0   -0.011 -0.02329  0.04412  -0.159459 -0.0339546 -0.0119062 -0.0489454 -0.0043527  0.0178983 0.0433278 0.0262047 -0.148293   3.7599 0.106912 -9.05915 
             21.2998  -1.12355 -0.110708   3.87798 0.421582 0.205797  0.18334 0 0 0   -0.011 -0.02329  0.04412 -0.0365151  -0.097182 -0.0579633  -0.0493454 -0.00464729   0.0177532 0.0422285  0.026472  -0.14816  3.76014 0.106046 -9.05906 
             21.4001 -0.409985  -0.64247   2.97086 0.432473 0.179167 0.180671 0 0 0   -0.011 -0.02329  0.04412  0.0764419  -0.195951 -0.0389957  -0.0499361 -0.00422475   0.0172182 0.0405875 0.0273749 -0.148376   3.7597 0.104573 -9.05926 
                21.5 -0.648546  -1.18866   2.47592 0.439513  0.14876 0.179461 0 0 0   -0.011 -0.02329  0.04412  0.0183542 -0.0474208   0.078299  -0.0492861 -0.00283038   0.0170136 0.0404088 0.0281756 -0.148341  3.75906 0.104481 -9.05953 
             21.5998 -0.422496 -0.336645   1.58614 0.422534 0.141323 0.180275 0 0 0   -0.011 -0.02329  0.04412 -0.145178 -0.129154 0.0913692 -0.0494762 -0.0023971   0.017223 0.0412277 0.0291291 -0.147516  3.75878 0.105637 -9.05963 
             21.7001 0.383231  0.14505 0.764483 0.407691 0.108445 0.189058 0 0 0   -0.011 -0.02329  0.04412 -0.161741 -0.143904 0.0138889  -0.0502937 -0.00418094   0.0180356 0.0387925 0.0307249 -0.148588  3.75639 0.104396 -9.06063 
                21.8   0.538513 -0.0397307   0.919403  0.397325 0.0950893  0.171877 0 0 0   -0.011 -0.02329  0.04412 -0.0314368  -0.162073 -0.0488417  -0.0492628 -0.00503081   0.0176132 0.0400313 0.0316331 -0.145544  3.75707 0.106393 -9.06033 
             21.8998  0.653927 -0.622727  0.197875  0.394627 0.0829568  0.170694 0 0 0   -0.011 -0.02329  0.04412 0.00599069    -0.1655 0.00532671  -0.0493354 -0.00376049   0.0166758 0.0407814 0.0309083 -0.145092  3.75804 0.106613 -9.05993 
             22.0001   1.37119 -0.813358 -0.566135  0.391021 0.0698749  0.176885 0 0 0   -0.011 -0.02329  0.04412 -0.116601 0.0132849   0.12147  -0.0494593 -0.00276158   0.0166164 0.0398514 0.0317971 -0.145504  3.75689 0.106414  -9.0604 
                22.1  2.01677 0.301973 -1.58115  0.390004 0.0631033  0.185127 0 0 0   -0.011 -0.02329  0.04412 -0.0344548   -0.19664     0.0991  -0.0506243 -0.00328329   0.0168655 0.0366689 0.0300212 -0.144735  3.75671 0.103399 -9.06051 
             22.1998   1.92708 -0.236681  -2.21431  0.389229 0.0320259  0.189813 0 0 0   -0.011 -0.02329  0.04412 0.00831601  -0.251482   0.086386  -0.0505151 -0.00331443   0.0169639  0.032238 0.0314873 -0.145542  3.75325 0.101284 -9.06197 
             22.3001  1.48755 0.538867  -2.1953  0.399531 0.0180619  0.180667 0 0 0   -0.011 -0.02329  0.04412 0.0663936 -0.211829 0.0382909  -0.0502172 -0.00375273   0.0171316 0.0336041 0.0303728 -0.142033  3.75579 0.102173 -9.06091 
                22.4   2.17215 -0.341516  -2.06354   0.420856 0.00563185   0.183246 0 0 0   -0.011 -0.02329  0.04412  0.128893 -0.200832 0.0690513  -0.0509492 -0.00271401   0.0161631 0.0340653 0.0276838 -0.140802  3.75807 0.100849 -9.05998 
             22.4998   2.16254 -0.712195  -2.74113 0.426391 0.016272 0.181329 0 0 0   -0.011 -0.02329  0.04412  0.254594 -0.194061 0.0154509  -0.0499163 -0.00234159   0.0160377 0.0363326 0.0266471 -0.139081  3.76058 0.101759 -9.05893 
             22.6001  1.80256 -1.03592 -2.97147  0.442354 0.0415438  0.166227 0 0 0   -0.011 -0.02329  0.04412   0.208254   0.162721 -0.0201302  -0.0501476 -0.00260599   0.0156022 0.0410165 0.0290548 -0.137045   3.7627 0.106613 -9.05799 
                22.7   1.32698 -0.625054  -4.11782  0.449349 0.0409025  0.173042 0 0 0   -0.011 -0.02329  0.04412  0.0824743 -0.0467192  0.0650859  -0.0512899 -0.00132673   0.0164213 0.0393383 0.0311954 -0.138483  3.76002 0.107045  -9.0591 
             22.7998 0.994356 0.293906 -4.60825 0.449833 0.040127 0.165629 0 0 0   -0.011 -0.02329  0.04412  -0.0358041  -0.0767443 -0.00586466  -0.0513094 -0.00198124   0.0168197 0.0405854  0.032191 -0.136369  3.76091 0.108886 -9.05871 
             22.9001 0.623813 0.691446 -4.02031  0.442695 0.0450263  0.155437 0 0 0   -0.011 -0.02329  0.04412 -0.0866707 -0.0634267 0.00750449 -0.0512248 -0.0035636   0.015821 0.0476295 0.0325502 -0.132248  3.76642 0.113755 -9.05636 
                  23  0.45765 0.179694 -4.46696  0.436185 0.0590528  0.160031 0 0 0   -0.011 -0.02329  0.04412  -0.072582 0.00754147 0.00261583  -0.0505886 -0.00308336     0.01618 0.0548014 0.0287359 -0.129954  3.77376 0.115137 -9.05329 
             23.0998  0.843588 -0.899346  -3.91051  0.426375 0.0756891  0.164794 0 0 0   -0.011 -0.02329  0.04412 -0.0293964   0.175342 -0.0264705  -0.0498018 -0.00243184   0.0169993  0.059921 0.0275208 -0.129066  3.77802 0.117151 -9.05148 
             23.2001   1.34751 -0.550609  -3.26031  0.427927 0.0760329  0.169063 0 0 0   -0.011 -0.02329  0.04412 -0.0228942   0.174514 -0.0133755  -0.0498801 -0.00254083   0.0170411 0.0597527 0.0259399 -0.130048  3.77851 0.115673 -9.05129 
                23.3   1.42031 -0.524537  -3.23407 0.442141 0.119607 0.166777 0 0 0   -0.011 -0.02329  0.04412    0.146878    0.180863 -0.00527677  -0.0499091 -0.00255376   0.0170399 0.0605801 0.0249837 -0.130005  3.77958 0.115397 -9.05085 
             23.3998   2.43839 -0.785394  -2.22451   0.45019 0.0874619  0.167513 0 0 0   -0.011 -0.02329  0.04412    0.177769  -0.0128289 -0.00407877  -0.0499426 -0.00246548   0.0169944 0.0545173 0.0266005 -0.132261  3.77419 0.112858 -9.05313 
             23.5001   2.23619 -0.767056  -1.49005  0.439653 0.0884381   0.17309 0 0 0   -0.011 -0.02329  0.04412 -0.0087324   0.185435  0.0470787  -0.0495662 -0.00232427   0.0160423 0.0542788 0.0293644  -0.13251  3.77246 0.114771 -9.05383 
                23.6     3.0188 0.00908102   -2.01545  0.444003 0.0904551  0.169466 0 0 0   -0.011 -0.02329  0.04412 0.0426711  0.228795 0.0172792  -0.0498397 -0.00351563   0.0160947 0.0527094   0.03012 -0.132698  3.77106 0.114318 -9.05442 
             23.6998   2.72063 -0.309348  -2.70172  0.450374 0.0792963  0.176376 0 0 0   -0.011 -0.02329  0.04412 -0.0283704   0.043974  0.0483097  -0.0503674 -0.00289512   0.0169225  0.049505 0.0307419 -0.134114  3.76844 0.112534 -9.05553 
             23.8001   2.62654 -0.163337  -2.77039  0.444417 0.0679274  0.179135 0 0 0   -0.011 -0.02329  0.04412  -0.045673 -0.0753723  0.0248726   -0.051091 -0.00298072   0.0165708  0.047995 0.0318542  -0.13468  3.76676 0.112306 -9.05624 
                23.9    2.18964 -0.0559872   -2.50475  0.433454 0.0584922  0.171988 0 0 0   -0.011 -0.02329  0.04412  -0.107382 -0.0533206  0.0484885  -0.0507505 -0.00374683   0.0155678 0.0488293  0.034402 -0.132889  3.76643 0.114997 -9.05634 
             23.9998   1.68552 -0.683721  -3.73795  0.435269 0.0660001  0.170763 0 0 0   -0.011 -0.02329  0.04412 -0.0723883  0.0932826  0.0439557  -0.0497379 -0.00326888     0.01625 0.0503018 0.0316966 -0.131447  3.76935 0.114183 -9.05513 
             24.1001   1.80509 -0.281064  -3.71588   0.43294 0.0741585  0.170417 0 0 0   -0.011 -0.02329  0.04412 -0.00519796   0.0881449 -0.00835983  -0.0494363 -0.00352602   0.0164053 0.0502766 0.0316383 -0.130887  3.76957 0.114239 -9.05504 
                24.2   2.88387 -0.498421   -3.9142  0.441179 0.0757062  0.169362 0 0 0   -0.011 -0.02329  0.04412  0.115716  0.011355 -0.143986  -0.0497496 -0.00340157   0.0165838 0.0469746 0.0297943 -0.131907  3.76832 0.110812  -9.0556 
             24.2998   2.43982 -0.447733  -3.47372  0.455253 0.0759683  0.165777 0 0 0   -0.011 -0.02329  0.04412    0.13676   0.101044 -0.0780038  -0.0497343 -0.00344361   0.0165441 0.0447847  0.028395 -0.133877  3.76713 0.108163 -9.05613 
             24.4001   2.30471 -0.616633  -3.38609    0.4787 0.0746249   0.18382 0 0 0   -0.011 -0.02329  0.04412 0.0583955 -0.192926 0.0553593  -0.0506532 -0.00229254   0.0162191 0.0439782  0.026729 -0.135904  3.76687 0.106096 -9.05626 
                24.5 0.924642 0.704433 -3.57665  0.480978 0.0723973  0.167572 0 0 0   -0.011 -0.02329  0.04412 0.00987445  -0.222137  -0.029493 -0.0500605 -0.0030151  0.0161491 0.0458375 0.0268856 -0.133973  3.76854 0.107591 -9.05555 
             24.5998 0.437895 0.632257 -3.18538  0.481229 0.0763329  0.160857 0 0 0   -0.011 -0.02329  0.04412 0.00106149  -0.158221  0.0175681   -0.049185 -0.00376901   0.0157723  0.048967 0.0262478 -0.132578  3.77123 0.109109 -9.05441 
             24.7001  0.35742 0.536393 -3.37942  0.480647 0.0788707  0.163487 0 0 0   -0.011 -0.02329  0.04412   -0.038809  -0.0430988 -0.00943177  -0.0485032 -0.00341627   0.0162153 0.0510949 0.0247167 -0.131701  3.77364 0.109334 -9.05341 
                24.8  1.44094 0.398654 -2.80256 0.486241 0.097914 0.153416 0 0 0   -0.011 -0.02329  0.04412  0.0111911  0.0921854 -0.0562012   -0.048411 -0.00430416   0.0173072 0.0539677 0.0225962 -0.129331  3.77716 0.109894 -9.05193 
             24.8998    1.5208 -0.121251  -2.25899 0.488256 0.101109 0.168968 0 0 0   -0.011 -0.02329  0.04412  -0.00449719    0.0304983 -0.000743395  -0.0488133 -0.00388176   0.0173443 0.0528848 0.0208337 -0.131937  3.77692  0.10745 -9.05206 
             25.0002   2.02694 -0.501137   -1.5409  0.487045 0.0950616  0.173602 0 0 0   -0.011 -0.02329  0.04412   0.017974 -0.0299913  0.0208466  -0.0495589 -0.00334668    0.016325 0.0514703 0.0217288 -0.133301  3.77523 0.106978 -9.05277 
                25.1    2.0274 -0.330098  -1.50267  0.483814 0.0896258  0.176453 0 0 0   -0.011 -0.02329  0.04412  0.0202221 -0.0549476  0.0206423  -0.0496113 -0.00363851   0.0156082 0.0513411 0.0236693 -0.134137  3.77383 0.108086 -9.05334 
             25.1998   1.60549 -0.444505  -1.58553   0.46263 0.0728439  0.176526 0 0 0   -0.011 -0.02329  0.04412 -0.202296 -0.164873 0.0341924  -0.0494917 -0.00358785   0.0154876 0.0529848    0.0272 -0.133936   3.7728  0.11157 -9.05373 
             25.2997   1.54193 -0.365449  -2.42046  0.456713 0.0638867  0.179146 0 0 0   -0.011 -0.02329  0.04412 -0.136519 -0.116978 0.0184741   -0.049411 -0.00349209   0.0156517 0.0519292 0.0254076 -0.133956  3.77324 0.109697 -9.05357 
                25.4   2.00044 -0.248469  -2.18699  0.449923 0.0614558  0.187147 0 0 0   -0.011 -0.02329  0.04412 -0.263468 -0.051662  0.211046  -0.0504721 -0.00349704   0.0154738 0.0529237 0.0225831 -0.132695  3.77583 0.108636  -9.0525 
             25.4998  3.32659 0.378828  -1.9221  0.444157 0.0546931  0.194343 0 0 0   -0.011 -0.02329  0.04412  -0.14383 -0.245399 0.0760205   -0.052272 -0.00434492   0.0156934 0.0544635 0.0173341 -0.129114  3.78084 0.106785 -9.05043 
             25.5997  1.01738 -0.28249 -1.50805  0.436874 0.0679985  0.185724 0 0 0   -0.011 -0.02329  0.04412  -0.168246 -0.0551042   0.077684  -0.0500431 -0.00396182   0.0150839 0.0587274   0.01501 -0.124457  3.78603  0.10884 -9.04824 
                25.7  0.80743 -0.47447 -1.49243  0.448539 0.0816409  0.178957 0 0 0   -0.011 -0.02329  0.04412  -0.112626 0.00765869 0.00349737  -0.0493383 -0.00385702   0.0148619 0.0603269 0.0113365 -0.121672  3.78999 0.107965 -9.04659 
             25.7998 0.441021 0.165071 -1.91651 0.442375 0.111671 0.171465 0 0 0   -0.011 -0.02329  0.04412 -0.0761422   0.185935  0.0770353  -0.0485614 -0.00467963   0.0153559 0.0604099 0.0102506 -0.119891  3.79127 0.107714 -9.04606 
             25.8997   1.93903 -0.445171  -1.71912 0.460413  0.11859 0.187988 0 0 0   -0.011 -0.02329  0.04412 0.00123546   0.113715  0.0207564  -0.0508032 -0.00372749   0.0158239  0.0565574 0.00381066  -0.122038  3.79244 0.100565 -9.04565 
                  26   1.47315 -0.365287  -1.18093 0.469228 0.114935 0.188021 0 0 0   -0.011 -0.02329  0.04412  0.0333624 0.00338425  0.0302863  -0.0504764 -0.00367541   0.0150209   0.05296 0.0035688 -0.122074   3.79065 0.0982332  -9.04642 
             26.0999    1.37549 -0.0798714    -1.6138 0.481115 0.112962 0.186425 0 0 0   -0.011 -0.02329  0.04412 -0.347656  0.353425  0.514721  -0.0501222 -0.00380137   0.0149896 0.0501558 0.0020201 -0.121082   3.79037 0.0957643  -9.04657 
             26.1997   1.32068 0.0142611  -1.46928  0.39552 0.178644 0.282117 0 0 0   -0.011 -0.02329  0.04412 -0.948848  0.849383   1.14766  -0.0499993 -0.00371005   0.0147716   0.048394 0.00513372  -0.120173   3.78778 0.0969598  -9.04764 
                26.3  2.23212 0.369057 -1.92512 0.340833 0.224452 0.359201 0 0 0   -0.011 -0.02329  0.04412 -0.82059 0.797539  1.04563 -0.0500766 -0.0034943  0.0147634   0.034047 0.00529723  -0.116186   3.78112 0.0893278   -9.0505 
             26.3999  3.51897 0.661687 -1.58747 0.348885 0.236538 0.366268 0 0 0   -0.011 -0.02329  0.04412 -0.449933  0.593033  0.721778  -0.0528066 -0.00393149   0.0143655  0.0194674 0.00435243  -0.109633  3.77559 0.081552 -9.05289 
             26.4997  2.39007   1.7954 -1.70199 0.376227  0.23267 0.345904 0 0 0   -0.011 -0.02329  0.04412  -0.1546 0.456176 0.489493  -0.0530676 -0.00460796   0.0138329 0.00749774  0.0054678  -0.104828   3.76975 0.0764916  -9.05536 
                26.6  1.57683  2.13288 -2.19102 0.401645 0.213521 0.359909 0 0 0   -0.011 -0.02329  0.04412 -0.244139 0.0446691  0.473126  -0.0540344 -0.00404419   0.0140928 -0.00252426  0.00534029    -0.10263   3.76498 0.0713559  -9.05739 
             26.6999 -0.194935   2.71334  -2.59677 0.429365 0.193582 0.316508 0 0 0   -0.011 -0.02329  0.04412  -0.105822 -0.0828301   0.225663  -0.0521984 -0.00526983   0.0140433 -0.0109885 0.00698974 -0.0959255   3.76117 0.0702239  -9.05898 
             26.7997 -0.434299   2.19137  -2.63888 0.462795  0.17195  0.27903 0 0 0   -0.011 -0.02329  0.04412 -0.0263058  -0.204068   0.206685  -0.0516948 -0.00547504   0.0141395 -0.0188245 0.00626502 -0.0902699   3.75853 0.0677241  -9.06009 
                26.9 0.206348  1.32764 -2.42355 0.492708 0.166497 0.259859 0 0 0   -0.011 -0.02329  0.04412  0.0275581 -0.0361258   0.059315  -0.0513807 -0.00423472   0.0145244 -0.0220453 0.00159885 -0.0851877   3.76048 0.0648465  -9.05931 
             26.9999 0.739969 0.334356 -1.73175 0.508827 0.175538 0.248566 0 0 0   -0.011 -0.02329  0.04412 0.0743633 0.0494886 0.0153194  -0.0502893 -0.00447112   0.0154839  -0.0220517 -0.00048316  -0.0822756   3.76223 0.0645587  -9.05858 
             27.0997   1.25748 -0.252255 -0.850857 0.521137  0.17588 0.226559 0 0 0   -0.011 -0.02329  0.04412  -0.108793 -0.0522645 -0.0634901   -0.051037 -0.00399024    0.015415  -0.0244937 1.35844e-05  -0.0779892   3.76124 0.0651466  -9.05899 
                27.2    1.80473  -0.540759 -0.0841694 0.508431 0.171483 0.213306 0 0 0   -0.011 -0.02329  0.04412  -0.46128  -0.21111 -0.153526    -0.05121 -0.00367037   0.0151189   -0.0244299 -0.000208299   -0.0766526   3.76164 0.0655152  -9.05882 
             27.2999   1.26038 -0.435497  0.233069  0.45762 0.146137 0.189961 0 0 0   -0.011 -0.02329  0.04412 -0.410295 -0.160399 -0.176746   -0.051111 -0.00365089   0.0150953  -0.0256127 -0.00372247  -0.0760753   3.76323 0.0627743  -9.05818 
             27.3997   1.51155 -0.160018 -0.388683 0.471473 0.142501 0.193507 0 0 0   -0.011 -0.02329  0.04412  -0.247182 -0.0293421 -0.0813114  -0.0508877 -0.00360013   0.0153989 -0.0285551 -0.0102384 -0.0769596   3.76561 0.0567392  -9.05723 
                27.5       1.219 -0.00780402   -0.769376 0.481298 0.151231 0.196386 0 0 0   -0.011 -0.02329  0.04412 -0.250286 -0.157011  0.137622  -0.0510287 -0.00380131   0.0157828 -0.0294982 -0.0137722 -0.0770391   3.76743 0.0540717  -9.05649 
             27.5999  1.86065 -0.20272 -0.42436 0.481766 0.130817 0.215395 0 0 0   -0.011 -0.02329  0.04412 -0.255653 -0.306265  0.123909 -0.0518023 -0.0034917  0.0158064 -0.0308402 -0.0166313 -0.0773823   3.76864 0.0515302    -9.056 
             27.6997  0.529395   0.39252 -0.469369 0.480553 0.114157 0.222105 0 0 0   -0.011 -0.02329  0.04412 -0.160867 -0.353407 0.0973622  -0.0516404 -0.00418334   0.0152827 -0.0305889 -0.0193461 -0.0761275   3.77092 0.0505789  -9.05506 
                27.8  0.117277  0.343294 -0.590386 0.475604 0.108345 0.227734 0 0 0   -0.011 -0.02329  0.04412 -0.134555  -0.23574 0.0791457  -0.0508673 -0.00410533   0.0153435 -0.0280346  -0.023262 -0.0727293   3.77559 0.0510774  -9.05311 
             27.8999  0.951849 -0.443165 -0.736196 0.486774 0.125004 0.231657 0 0 0   -0.011 -0.02329  0.04412  -0.0725958 0.000271632   0.0734517  -0.0505999 -0.00397393   0.0156909 -0.0257232 -0.0298556 -0.0695146   3.78182 0.0499008  -9.05051 
             27.9997   1.11496 -0.194215  -0.45263 0.503805 0.147447 0.224836 0 0 0   -0.011 -0.02329  0.04412 0.0129004   0.16883 0.0831504  -0.0508981 -0.00414863   0.0156994 -0.0243196 -0.0349526  -0.065019   3.78704 0.0492654  -9.04833 
                28.1   1.52993 -0.372634 -0.276779 0.516213  0.16313 0.214478 0 0 0   -0.011 -0.02329  0.04412 0.253189 0.111336 -0.12047  -0.0516898 -0.00381631   0.0156417 -0.0232646 -0.0370516 -0.0616956   3.78981 0.0497165  -9.04717 
             28.1999   1.07993 -0.346869 0.0456279 0.570211 0.188712 0.182975 0 0 0   -0.011 -0.02329  0.04412 0.420172  0.16102 -0.14814   -0.051535 -0.00387778   0.0153383 -0.0229332 -0.0369417 -0.0610098   3.79007 0.0501816  -9.04706 
             28.2997  0.202441 0.0576509 -0.725037 0.583449 0.191901 0.178335 0 0 0   -0.011 -0.02329  0.04412    0.243232 -0.00302829   -0.184302  -0.0517057 -0.00374957   0.0154491 -0.0215807 -0.0346044 -0.0626833   3.78862 0.0518793  -9.04766 
                28.4 -0.799668  0.476559  -1.03386 0.583843    0.182 0.177998 0 0 0   -0.011 -0.02329  0.04412  0.198628 -0.140141 -0.168919  -0.0506635 -0.00440989    0.015489 -0.0195392 -0.0325901 -0.0653781   3.78742 0.0535295  -9.04815 
             28.4999 -0.510155  0.398295 -0.789105 0.586107 0.183494 0.184333 0 0 0   -0.011 -0.02329  0.04412  0.0834707 -0.0479664 -0.0739398  -0.0505398 -0.00474453   0.0153778  -0.016766 -0.0331537  -0.066613   3.78868 0.0547042  -9.04762 
             28.5997 -0.0846872  -0.073047  -0.670737 0.580773 0.192219 0.188088 0 0 0   -0.011 -0.02329  0.04412  0.0686503   0.112826 -0.0941443 -0.0499953 -0.0048075  0.0159293 -0.0145667 -0.0327133 -0.0678981   3.78909 0.0560441  -9.04744 
                28.7   0.51607 -0.201182 -0.584543 0.589938 0.205919 0.191924 0 0 0   -0.011 -0.02329  0.04412  0.0970308   0.158816 -0.0103284  -0.0493117 -0.00509192   0.0166798 -0.0148364 -0.0329992 -0.0698273   3.78885 0.0552061  -9.04754 
             28.7999   1.08277 -0.832941  0.420315 0.592601 0.206871  0.20369 0 0 0   -0.011 -0.02329  0.04412   0.159411   0.121893 -0.0701344  -0.0502431 -0.00452049   0.0162181 -0.0157518 -0.0316492 -0.0724685   3.78709 0.0546159  -9.04828 
             28.8997   1.37691 -0.868169  0.148897 0.600359 0.211044 0.210085 0 0 0   -0.011 -0.02329  0.04412   0.134412   0.176608 -0.0217851 -0.0503897 -0.0042694  0.0161619  -0.017056 -0.0302744 -0.0747991   3.78518 0.0538406  -9.04909 
             29.0001  0.979432 -0.530565  0.559064 0.597214 0.214864 0.216093 0 0 0   -0.011 -0.02329  0.04412  0.100703  0.181859 0.0315293  -0.0507034 -0.00423431   0.0156207 -0.0173814 -0.0260971  -0.076591   3.78185 0.0552619  -9.05047 
             29.0999  0.324667 -0.170495  0.209825 0.589211 0.215417 0.225049 0 0 0   -0.011 -0.02329  0.04412  -0.0512802   -0.200727 -0.00739665  -0.0511625 -0.00410292   0.0159024 -0.0171247 -0.0235477 -0.0785672   3.77976 0.0561753  -9.05134 
             29.1997 -0.162023 -0.119668  0.473383 0.583183 0.187174 0.218105 0 0 0   -0.011 -0.02329  0.04412  0.0145939  -0.364059 -0.0793775  -0.0512427 -0.00413236    0.015835 -0.0167438 -0.0224179 -0.0782195   3.77923 0.0570706  -9.05156 
             29.3001 -0.227636  0.379522  0.176087 0.576124 0.149345 0.229386 0 0 0   -0.011 -0.02329  0.04412 -0.0373534  -0.302388 -0.0217728  -0.0511379 -0.00430488   0.0159191 -0.0169562 -0.0227385 -0.0792648   3.77912 0.0564899  -9.05161 
             29.3999   1.04784 0.0756117  0.813473 0.577404 0.159003 0.216711 0 0 0   -0.011 -0.02329  0.04412 -0.0318613 -0.0810232 -0.0530159  -0.0512391 -0.00493281   0.0158343 -0.0153379 -0.0245202  -0.077519   3.78127 0.0572985   -9.0507 
             29.4997   0.88868 -0.328455  0.561009 0.589078 0.178269 0.228786 0 0 0   -0.011 -0.02329  0.04412 -0.00197199  0.00889605   0.0641763   -0.051156 -0.00484928   0.0165337 -0.0146366 -0.0268603 -0.0778737   3.78304 0.0567132  -9.04997 
             29.6001   1.16565 -0.933403  0.964947 0.605328 0.185377 0.232468 0 0 0   -0.011 -0.02329  0.04412 0.0927655   0.10071 0.0268138  -0.0520641 -0.00419615   0.0162705 -0.0148274 -0.0277899 -0.0780046    3.7836 0.0561885  -9.04973 
             29.6999  0.709543 -0.476437   1.29778 0.613038 0.199907 0.234262 0 0 0   -0.011 -0.02329  0.04412  0.130448  0.106372 0.0729214  -0.0522033 -0.00425992   0.0155527 -0.0142913 -0.0276577 -0.0778261    3.7837 0.0566649  -9.04969 
             29.7997  -0.16792 -0.260075   1.18916 0.605873  0.20093 0.236417 0 0 0   -0.011 -0.02329  0.04412  0.0334698 -0.0216168 0.00182472  -0.0524699 -0.00389069    0.015822  -0.013193 -0.0259394 -0.0773318  3.78291 0.058209 -9.05001 
             29.9001 -0.505306 -0.163853  0.848029 0.605287 0.197993  0.23144 0 0 0   -0.011 -0.02329  0.04412 0.00135074 -0.0986779  0.0110083  -0.0523133 -0.00395266   0.0159674 -0.0128216   -0.02549 -0.0764252   3.78291 0.0589069  -9.05001 
             29.9999  -0.941224 0.00990758    1.01805 0.601755 0.182381 0.237517 0 0 0   -0.011 -0.02329  0.04412 -0.0480371  -0.139914  0.0718057  -0.0515931 -0.00432996   0.0158541  -0.012554 -0.0252448 -0.0764487   3.78279 0.0591634  -9.05005 
             30.0997 -0.100055 -0.404294   1.09897 0.598828 0.187102 0.244695 0 0 0   -0.011 -0.02329  0.04412  0.0184981   0.196064 -0.0433441 -0.0512998 -0.0045058  0.0159358 -0.0108721 -0.0268852 -0.0765098    3.7843 0.0598069  -9.04942 
             30.2001   0.63955 -0.313251   1.33107 0.605595 0.215434  0.23938 0 0 0   -0.011 -0.02329  0.04412 0.0325105  0.308472 0.0424731  -0.0511518 -0.00453408   0.0160088 -0.0114087 -0.0273168 -0.0765679   3.78448 0.0592817  -9.04935 
             30.2999  1.01495 -0.95878  1.42576 0.617673    0.227 0.238997 0 0 0   -0.011 -0.02329  0.04412  0.103633  0.294261 -0.037101  -0.0513607 -0.00426961   0.0161292 -0.0131576 -0.0265532 -0.0774179   3.78343 0.0580283   -9.0498 
             30.3997  0.933514 -0.961317   1.81561  0.62567 0.236623 0.237563 0 0 0   -0.011 -0.02329  0.04412   0.138139   0.267515 -0.0312976 -0.0517532  -0.004087  0.0154194 -0.0140772 -0.0253794 -0.0779142   3.78232 0.0575661  -9.05026 
             30.5001   0.81577 -0.753727   1.77519 0.628307 0.236386   0.2551 0 0 0   -0.011 -0.02329  0.04412  0.0950598  0.0319305 -0.0103908  -0.0526008 -0.00384505   0.0155977 -0.0145662 -0.0242103 -0.0797385   3.78097 0.0569895  -9.05083 
             30.5999 -0.331921 -0.281746   1.70415 0.629818 0.220493 0.246132 0 0 0   -0.011 -0.02329  0.04412  -0.210908 -0.0356175  0.0146831 -0.0525469 -0.0039603   0.015392 -0.0152278  -0.022492 -0.0796465   3.77968 0.0569743  -9.05137 
             41.9998  -1.55074 0.0567645   1.72952 -7.87488  4.91673    5.181 0 0 0   -0.011 -0.02329  0.04412 -20.2665  14.8751  14.4756 -0.0524354 -0.0039828  0.0154338 -0.0156371 -0.0236441 -0.0795194   3.78048 0.0564732  -9.05104 
             42.1001   9.8395  6.22495 -11.2437 -10.0647  6.52366  6.74649 0 0 0   -0.011 -0.02329  0.04412 -20.2937  14.8508  14.5714 -0.0524354 -0.0039828  0.0154338 -0.0156371 -0.0236441 -0.0795194   3.78048 0.0564732  -9.05104 
                42.2  10.7006  7.09656 -12.7237 -12.4159  8.25201  8.16582 0 0 0   -0.011 -0.02329  0.04412 -20.7611  15.3254  14.5044 -0.052566 -0.004136 0.0156841 -0.0154816 -0.0236948 -0.0794866   3.78048 0.0565054  -9.05104 
             42.2998  10.1909  5.00395 -10.9213 -14.3138   9.3989   8.9653 0 0 0   -0.011 -0.02329  0.04412 -20.7817  14.1146  11.8371  0.155107  0.106931 -0.150096 -0.0172354 -0.0147728 -0.0661545   3.78064 0.0563319  -9.05097 
